6,31,18
6,31,19
6,31,20
6,31,21
6,31,22
6,31,23
6,32,18
6,32,19
6,32,20
6,32,21
6,32,22
6,32,23
6,32,24
6,33,19
6,33,20
6,33,21
6,33,22
6,33,23
6,33,24
6,34,20
6,34,21
6,34,22
6,34,23
6,34,24
7,62,37
7,62,38
7,62,39
7,62,40
7,62,41
7,62,42
7,62,43
7,62,44
7,63,36
7,63,37
7,63,38
7,63,39
7,63,40
7,63,41
7,63,42
7,63,43
7,63,44
7,63,45
7,64,36
7,64,37
7,64,38
7,64,39
7,64,40
7,64,41
7,64,42
7,64,43
7,64,44
7,64,45
7,64,46
7,65,36
7,65,37
7,65,38
7,65,39
7,65,40
7,65,41
7,65,42
7,65,43
7,65,44
7,65,45
7,65,46
7,65,47
7,66,36
7,66,37
7,66,38
7,66,39
7,66,40
7,66,41
7,66,42
7,66,43
7,66,44
7,66,45
7,66,46
7,66,47
7,67,36
7,67,37
7,67,38
7,67,39
7,67,40
7,67,41
7,67,42
7,67,43
7,67,44
7,67,45
7,67,46
7,67,47
7,68,36
7,68,37
7,68,38
7,68,39
7,68,40
7,68,41
7,68,42
7,68,43
7,68,44
7,68,45
7,68,46
7,68,47
7,69,37
7,69,38
7,69,39
7,69,40
7,69,41
7,69,42
7,69,43
7,69,44
8,123,72
8,123,73
8,123,74
8,123,75
8,123,76
8,123,77
8,123,78
8,123,79
8,123,80
8,123,81
8,123,82
8,123,83
8,123,84
8,123,85
8,123,86
8,123,87
8,124,72
8,124,73
8,124,74
8,124,75
8,124,76
8,124,77
8,124,78
8,124,79
8,124,80
8,124,81
8,124,82
8,124,83
8,124,84
8,124,85
8,124,86
8,124,87
8,125,72
8,125,73
8,125,74
8,125,75
8,125,76
8,125,77
8,125,78
8,125,79
8,125,80
8,125,81
8,125,82
8,125,83
8,125,84
8,125,85
8,125,86
8,125,87
8,126,72
8,126,73
8,126,74
8,126,75
8,126,76
8,126,77
8,126,78
8,126,79
8,126,80
8,126,81
8,126,82
8,126,83
8,126,84
8,126,85
8,126,86
8,126,87
8,127,72
8,127,73
8,127,74
8,127,75
8,127,76
8,127,77
8,127,78
8,127,79
8,127,80
8,127,81
8,127,82
8,127,83
8,127,84
8,127,85
8,127,86
8,127,87
8,128,72
8,128,73
8,128,74
8,128,75
8,128,76
8,128,77
8,128,78
8,128,79
8,128,80
8,128,81
8,128,82
8,128,83
8,128,84
8,128,85
8,128,86
8,128,87
8,129,72
8,129,73
8,129,74
8,129,75
8,129,76
8,129,77
8,129,78
8,129,79
8,129,80
8,129,81
8,129,82
8,129,83
8,129,84
8,129,85
8,129,86
8,129,87
8,130,72
8,130,73
8,130,74
8,130,75
8,130,76
8,130,77
8,130,78
8,130,79
8,130,80
8,130,81
8,130,82
8,130,83
8,130,84
8,130,85
8,130,86
8,130,87
8,131,72
8,131,73
8,131,74
8,131,75
8,131,76
8,131,77
8,131,78
8,131,79
8,131,80
8,131,81
8,131,82
8,131,83
8,131,84
8,131,85
8,131,86
8,131,87
8,132,72
8,132,73
8,132,74
8,132,75
8,132,76
8,132,77
8,132,78
8,132,79
8,132,80
8,132,81
8,132,82
8,132,83
8,132,84
8,132,85
8,132,86
8,132,87
8,133,72
8,133,73
8,133,74
8,133,75
8,133,76
8,133,77
8,133,78
8,133,79
8,133,80
8,133,81
8,133,82
8,133,83
8,133,84
8,133,85
8,133,86
8,133,87
8,134,72
8,134,73
8,134,74
8,134,75
8,134,76
8,134,77
8,134,78
8,134,79
8,134,80
8,134,81
8,134,82
8,134,83
8,134,84
8,134,85
8,134,86
8,134,87
8,135,72
8,135,73
8,135,74
8,135,75
8,135,76
8,135,77
8,135,78
8,135,79
8,135,80
8,135,81
8,135,82
8,135,83
8,135,84
8,135,85
8,135,86
8,135,87
8,136,72
8,136,73
8,136,74
8,136,75
8,136,76
8,136,77
8,136,78
8,136,79
8,136,80
8,136,81
8,136,82
8,136,83
8,136,84
8,136,85
8,136,86
8,136,87
8,137,72
8,137,73
8,137,74
8,137,75
8,137,76
8,137,77
8,137,78
8,137,79
8,137,80
8,137,81
8,137,82
8,137,83
8,137,84
8,137,85
8,137,86
8,137,87
8,138,72
8,138,73
8,138,74
8,138,75
8,138,76
8,138,77
8,138,78
8,138,79
8,138,80
8,138,81
8,138,82
8,138,83
8,138,84
8,138,85
8,138,86
8,138,87
8,139,72
8,139,73
8,139,74
8,139,75
8,139,76
8,139,77
8,139,78
8,139,79
8,139,80
8,139,81
8,139,82
8,139,83
8,139,84
8,139,85
8,139,86
8,139,87
9,246,144
9,246,145
9,246,146
9,246,147
9,246,148
9,246,149
9,246,150
9,246,151
9,246,152
9,246,153
9,246,154
9,246,155
9,246,156
9,246,157
9,246,158
9,246,159
9,246,160
9,246,161
9,246,162
9,246,163
9,246,164
9,246,165
9,246,166
9,246,167
9,246,168
9,246,169
9,246,170
9,246,171
9,246,172
9,246,173
9,246,174
9,247,144
9,247,145
9,247,146
9,247,147
9,247,148
9,247,149
9,247,150
9,247,151
9,247,152
9,247,153
9,247,154
9,247,155
9,247,156
9,247,157
9,247,158
9,247,159
9,247,160
9,247,161
9,247,162
9,247,163
9,247,164
9,247,165
9,247,166
9,247,167
9,247,168
9,247,169
9,247,170
9,247,171
9,247,172
9,247,173
9,247,174
9,248,144
9,248,145
9,248,146
9,248,147
9,248,148
9,248,149
9,248,150
9,248,151
9,248,152
9,248,153
9,248,154
9,248,155
9,248,156
9,248,157
9,248,158
9,248,159
9,248,160
9,248,161
9,248,162
9,248,163
9,248,164
9,248,165
9,248,166
9,248,167
9,248,168
9,248,169
9,248,170
9,248,171
9,248,172
9,248,173
9,248,174
9,249,144
9,249,145
9,249,146
9,249,147
9,249,148
9,249,149
9,249,150
9,249,151
9,249,152
9,249,153
9,249,154
9,249,155
9,249,156
9,249,157
9,249,158
9,249,159
9,249,160
9,249,161
9,249,162
9,249,163
9,249,164
9,249,165
9,249,166
9,249,167
9,249,168
9,249,169
9,249,170
9,249,171
9,249,172
9,249,173
9,249,174
9,250,144
9,250,145
9,250,146
9,250,147
9,250,148
9,250,149
9,250,150
9,250,151
9,250,152
9,250,153
9,250,154
9,250,155
9,250,156
9,250,157
9,250,158
9,250,159
9,250,160
9,250,161
9,250,162
9,250,163
9,250,164
9,250,165
9,250,166
9,250,167
9,250,168
9,250,169
9,250,170
9,250,171
9,250,172
9,250,173
9,250,174
9,251,144
9,251,145
9,251,146
9,251,147
9,251,148
9,251,149
9,251,150
9,251,151
9,251,152
9,251,153
9,251,154
9,251,155
9,251,156
9,251,157
9,251,158
9,251,159
9,251,160
9,251,161
9,251,162
9,251,163
9,251,164
9,251,165
9,251,166
9,251,167
9,251,168
9,251,169
9,251,170
9,251,171
9,251,172
9,251,173
9,251,174
9,252,144
9,252,145
9,252,146
9,252,147
9,252,148
9,252,149
9,252,150
9,252,151
9,252,152
9,252,153
9,252,154
9,252,155
9,252,156
9,252,157
9,252,158
9,252,159
9,252,160
9,252,161
9,252,162
9,252,163
9,252,164
9,252,165
9,252,166
9,252,167
9,252,168
9,252,169
9,252,170
9,252,171
9,252,172
9,252,173
9,252,174
9,253,144
9,253,145
9,253,146
9,253,147
9,253,148
9,253,149
9,253,150
9,253,151
9,253,152
9,253,153
9,253,154
9,253,155
9,253,156
9,253,157
9,253,158
9,253,159
9,253,160
9,253,161
9,253,162
9,253,163
9,253,164
9,253,165
9,253,166
9,253,167
9,253,168
9,253,169
9,253,170
9,253,171
9,253,172
9,253,173
9,253,174
9,254,144
9,254,145
9,254,146
9,254,147
9,254,148
9,254,149
9,254,150
9,254,151
9,254,152
9,254,153
9,254,154
9,254,155
9,254,156
9,254,157
9,254,158
9,254,159
9,254,160
9,254,161
9,254,162
9,254,163
9,254,164
9,254,165
9,254,166
9,254,167
9,254,168
9,254,169
9,254,170
9,254,171
9,254,172
9,254,173
9,254,174
9,255,144
9,255,145
9,255,146
9,255,147
9,255,148
9,255,149
9,255,150
9,255,151
9,255,152
9,255,153
9,255,154
9,255,155
9,255,156
9,255,157
9,255,158
9,255,159
9,255,160
9,255,161
9,255,162
9,255,163
9,255,164
9,255,165
9,255,166
9,255,167
9,255,168
9,255,169
9,255,170
9,255,171
9,255,172
9,255,173
9,255,174
9,256,144
9,256,145
9,256,146
9,256,147
9,256,148
9,256,149
9,256,150
9,256,151
9,256,152
9,256,153
9,256,154
9,256,155
9,256,156
9,256,157
9,256,158
9,256,159
9,256,160
9,256,161
9,256,162
9,256,163
9,256,164
9,256,165
9,256,166
9,256,167
9,256,168
9,256,169
9,256,170
9,256,171
9,256,172
9,256,173
9,256,174
9,257,144
9,257,145
9,257,146
9,257,147
9,257,148
9,257,149
9,257,150
9,257,151
9,257,152
9,257,153
9,257,154
9,257,155
9,257,156
9,257,157
9,257,158
9,257,159
9,257,160
9,257,161
9,257,162
9,257,163
9,257,164
9,257,165
9,257,166
9,257,167
9,257,168
9,257,169
9,257,170
9,257,171
9,257,172
9,257,173
9,257,174
9,258,144
9,258,145
9,258,146
9,258,147
9,258,148
9,258,149
9,258,150
9,258,151
9,258,152
9,258,153
9,258,154
9,258,155
9,258,156
9,258,157
9,258,158
9,258,159
9,258,160
9,258,161
9,258,162
9,258,163
9,258,164
9,258,165
9,258,166
9,258,167
9,258,168
9,258,169
9,258,170
9,258,171
9,258,172
9,258,173
9,258,174
9,259,144
9,259,145
9,259,146
9,259,147
9,259,148
9,259,149
9,259,150
9,259,151
9,259,152
9,259,153
9,259,154
9,259,155
9,259,156
9,259,157
9,259,158
9,259,159
9,259,160
9,259,161
9,259,162
9,259,163
9,259,164
9,259,165
9,259,166
9,259,167
9,259,168
9,259,169
9,259,170
9,259,171
9,259,172
9,259,173
9,259,174
9,260,144
9,260,145
9,260,146
9,260,147
9,260,148
9,260,149
9,260,150
9,260,151
9,260,152
9,260,153
9,260,154
9,260,155
9,260,156
9,260,157
9,260,158
9,260,159
9,260,160
9,260,161
9,260,162
9,260,163
9,260,164
9,260,165
9,260,166
9,260,167
9,260,168
9,260,169
9,260,170
9,260,171
9,260,172
9,260,173
9,260,174
9,261,144
9,261,145
9,261,146
9,261,147
9,261,148
9,261,149
9,261,150
9,261,151
9,261,152
9,261,153
9,261,154
9,261,155
9,261,156
9,261,157
9,261,158
9,261,159
9,261,160
9,261,161
9,261,162
9,261,163
9,261,164
9,261,165
9,261,166
9,261,167
9,261,168
9,261,169
9,261,170
9,261,171
9,261,172
9,261,173
9,261,174
9,262,144
9,262,145
9,262,146
9,262,147
9,262,148
9,262,149
9,262,150
9,262,151
9,262,152
9,262,153
9,262,154
9,262,155
9,262,156
9,262,157
9,262,158
9,262,159
9,262,160
9,262,161
9,262,162
9,262,163
9,262,164
9,262,165
9,262,166
9,262,167
9,262,168
9,262,169
9,262,170
9,262,171
9,262,172
9,262,173
9,262,174
9,263,144
9,263,145
9,263,146
9,263,147
9,263,148
9,263,149
9,263,150
9,263,151
9,263,152
9,263,153
9,263,154
9,263,155
9,263,156
9,263,157
9,263,158
9,263,159
9,263,160
9,263,161
9,263,162
9,263,163
9,263,164
9,263,165
9,263,166
9,263,167
9,263,168
9,263,169
9,263,170
9,263,171
9,263,172
9,263,173
9,263,174
9,264,144
9,264,145
9,264,146
9,264,147
9,264,148
9,264,149
9,264,150
9,264,151
9,264,152
9,264,153
9,264,154
9,264,155
9,264,156
9,264,157
9,264,158
9,264,159
9,264,160
9,264,161
9,264,162
9,264,163
9,264,164
9,264,165
9,264,166
9,264,167
9,264,168
9,264,169
9,264,170
9,264,171
9,264,172
9,264,173
9,264,174
9,265,144
9,265,145
9,265,146
9,265,147
9,265,148
9,265,149
9,265,150
9,265,151
9,265,152
9,265,153
9,265,154
9,265,155
9,265,156
9,265,157
9,265,158
9,265,159
9,265,160
9,265,161
9,265,162
9,265,163
9,265,164
9,265,165
9,265,166
9,265,167
9,265,168
9,265,169
9,265,170
9,265,171
9,265,172
9,265,173
9,265,174
9,266,144
9,266,145
9,266,146
9,266,147
9,266,148
9,266,149
9,266,150
9,266,151
9,266,152
9,266,153
9,266,154
9,266,155
9,266,156
9,266,157
9,266,158
9,266,159
9,266,160
9,266,161
9,266,162
9,266,163
9,266,164
9,266,165
9,266,166
9,266,167
9,266,168
9,266,169
9,266,170
9,266,171
9,266,172
9,266,173
9,266,174
9,267,144
9,267,145
9,267,146
9,267,147
9,267,148
9,267,149
9,267,150
9,267,151
9,267,152
9,267,153
9,267,154
9,267,155
9,267,156
9,267,157
9,267,158
9,267,159
9,267,160
9,267,161
9,267,162
9,267,163
9,267,164
9,267,165
9,267,166
9,267,167
9,267,168
9,267,169
9,267,170
9,267,171
9,267,172
9,267,173
9,267,174
9,268,144
9,268,145
9,268,146
9,268,147
9,268,148
9,268,149
9,268,150
9,268,151
9,268,152
9,268,153
9,268,154
9,268,155
9,268,156
9,268,157
9,268,158
9,268,159
9,268,160
9,268,161
9,268,162
9,268,163
9,268,164
9,268,165
9,268,166
9,268,167
9,268,168
9,268,169
9,268,170
9,268,171
9,268,172
9,268,173
9,268,174
9,269,144
9,269,145
9,269,146
9,269,147
9,269,148
9,269,149
9,269,150
9,269,151
9,269,152
9,269,153
9,269,154
9,269,155
9,269,156
9,269,157
9,269,158
9,269,159
9,269,160
9,269,161
9,269,162
9,269,163
9,269,164
9,269,165
9,269,166
9,269,167
9,269,168
9,269,169
9,269,170
9,269,171
9,269,172
9,269,173
9,269,174
9,270,144
9,270,145
9,270,146
9,270,147
9,270,148
9,270,149
9,270,150
9,270,151
9,270,152
9,270,153
9,270,154
9,270,155
9,270,156
9,270,157
9,270,158
9,270,159
9,270,160
9,270,161
9,270,162
9,270,163
9,270,164
9,270,165
9,270,166
9,270,167
9,270,168
9,270,169
9,270,170
9,270,171
9,270,172
9,270,173
9,270,174
9,271,144
9,271,145
9,271,146
9,271,147
9,271,148
9,271,149
9,271,150
9,271,151
9,271,152
9,271,153
9,271,154
9,271,155
9,271,156
9,271,157
9,271,158
9,271,159
9,271,160
9,271,161
9,271,162
9,271,163
9,271,164
9,271,165
9,271,166
9,271,167
9,271,168
9,271,169
9,271,170
9,271,171
9,271,172
9,271,173
9,271,174
9,272,144
9,272,145
9,272,146
9,272,147
9,272,148
9,272,149
9,272,150
9,272,151
9,272,152
9,272,153
9,272,154
9,272,155
9,272,156
9,272,157
9,272,158
9,272,159
9,272,160
9,272,161
9,272,162
9,272,163
9,272,164
9,272,165
9,272,166
9,272,167
9,272,168
9,272,169
9,272,170
9,272,171
9,272,172
9,272,173
9,272,174
9,273,144
9,273,145
9,273,146
9,273,147
9,273,148
9,273,149
9,273,150
9,273,151
9,273,152
9,273,153
9,273,154
9,273,155
9,273,156
9,273,157
9,273,158
9,273,159
9,273,160
9,273,161
9,273,162
9,273,163
9,273,164
9,273,165
9,273,166
9,273,167
9,273,168
9,273,169
9,273,170
9,273,171
9,273,172
9,273,173
9,273,174
9,274,144
9,274,145
9,274,146
9,274,147
9,274,148
9,274,149
9,274,150
9,274,151
9,274,152
9,274,153
9,274,154
9,274,155
9,274,156
9,274,157
9,274,158
9,274,159
9,274,160
9,274,161
9,274,162
9,274,163
9,274,164
9,274,165
9,274,166
9,274,167
9,274,168
9,274,169
9,274,170
9,274,171
9,274,172
9,274,173
9,274,174
9,275,144
9,275,145
9,275,146
9,275,147
9,275,148
9,275,149
9,275,150
9,275,151
9,275,152
9,275,153
9,275,154
9,275,155
9,275,156
9,275,157
9,275,158
9,275,159
9,275,160
9,275,161
9,275,162
9,275,163
9,275,164
9,275,165
9,275,166
9,275,167
9,275,168
9,275,169
9,275,170
9,275,171
9,275,172
9,275,173
9,275,174
9,276,144
9,276,145
9,276,146
9,276,147
9,276,148
9,276,149
9,276,150
9,276,151
9,276,152
9,276,153
9,276,154
9,276,155
9,276,156
9,276,157
9,276,158
9,276,159
9,276,160
9,276,161
9,276,162
9,276,163
9,276,164
9,276,165
9,276,166
9,276,167
9,276,168
9,276,169
9,276,170
9,276,171
9,276,172
9,276,173
9,276,174
9,277,144
9,277,145
9,277,146
9,277,147
9,277,148
9,277,149
9,277,150
9,277,151
9,277,152
9,277,153
9,277,154
9,277,155
9,277,156
9,277,157
9,277,158
9,277,159
9,277,160
9,277,161
9,277,162
9,277,163
9,277,164
9,277,165
9,277,166
9,277,167
9,277,168
9,277,169
9,277,170
9,277,171
9,277,172
9,277,173
9,277,174
9,278,144
9,278,145
9,278,146
9,278,147
9,278,148
9,278,149
9,278,150
9,278,151
9,278,152
9,278,153
9,278,154
9,278,155
9,278,156
9,278,157
9,278,158
9,278,159
9,278,160
9,278,161
9,278,162
9,278,163
9,278,164
9,278,165
9,278,166
9,278,167
9,278,168
9,278,169
9,278,170
9,278,171
9,278,172
9,278,173
9,278,174
